$ 1 0.000005 10.20027730826997 50 5 43
w -400 -16 -528 -16 0
x 58 -31 74 -28 6 12 CE
x -359 -12 -344 -9 6 12 N3
x -358 -158 -343 -155 6 12 N2
x -359 -61 -344 -58 6 12 N1
x -360 -108 -337 -105 6 12 PN0
x -600 -12 -550 -9 6 12 CPUCYC
x -491 -29 -475 -26 6 12 AS
x -494 -156 -473 -153 4 12 A23
x -498 -47 -477 -44 4 12 A22
x -497 -62 -476 -59 4 12 A21
x -498 -79 -477 -76 4 12 A20
x -498 -94 -477 -91 4 12 A19
x -510 -108 -489 -105 4 12 A18
x -498 -128 -477 -125 4 12 A17
x -687 1 -665 4 4 12 FC2
x -686 -15 -664 -12 4 12 FC1
x -687 -31 -665 -28 4 12 FC0
L -624 0 -656 0 0 1 false 5 0
L -624 -16 -656 -16 0 1 false 5 0
150 -624 -16 -528 -16 0 3 0 5
w -272 -16 -272 -96 0
w -320 -16 -272 -16 0
w -288 -64 -288 -112 0
w -320 -64 -288 -64 0
w -304 -144 -192 -144 0
w -304 -112 -304 -144 0
w -320 -112 -304 -112 0
w -320 -160 -192 -160 0
151 -192 -128 -112 -128 0 4 0 5
L -400 -160 -464 -160 0 0 false 5 0
L -400 -32 -464 -32 0 0 false 5 0
L -400 -48 -464 -48 0 0 false 5 0
L -400 -64 -464 -64 0 0 false 5 0
L -400 -80 -464 -80 0 0 false 5 0
L -432 -96 -464 -96 0 0 false 5 0
L -464 -112 -480 -112 0 1 false 5 0
L -400 -128 -464 -128 0 0 false 5 0
L -624 -32 -656 -32 0 0 false 5 0
153 -400 -16 -320 -16 0 3 5 5
153 -400 -64 -320 -64 0 3 5 5
153 -400 -112 -320 -112 0 3 5 5
153 -400 -160 -320 -160 0 3 5 5
w -272 -96 -192 -96 0
w -288 -112 -192 -112 0
x -704 -94 -665 -91 6 12 RESET
w -416 -112 -400 -112 0
w -432 -96 -400 -96 0
150 -624 -176 -528 -176 0 3 5 5
I -448 -176 -400 -176 0 0.5 5
w -448 -176 -528 -176 0
w -400 -144 -560 -144 0
w -624 -176 -624 -160 0
L -624 -192 -672 -192 0 1 false 5 0
L -624 -176 -672 -176 0 1 false 5 0
x -699 -189 -682 -186 6 12 BG
x -720 -173 -679 -170 6 12 BGACK
I -560 -96 -560 -144 0 0.5 5
w -640 -96 -560 -96 0
x -541 -181 -497 -178 4 12 BINUSE
w -400 0 -496 0 0
g -496 0 -496 16 0
L -640 -96 -656 -96 0 1 false 5 0
M 32 -32 48 -32 0 2.5
I -656 64 -592 64 0 0.5 5
x -602 86 -575 89 6 12 IACK
M -592 64 -576 64 0 2.5
I -464 -112 -416 -112 0 0.5 5
w -528 -16 -528 32 0
w -528 32 -656 32 0
w -656 32 -656 64 0
153 -384 48 -304 48 0 3 5 5
153 -384 112 -304 112 0 3 5 5
L -384 32 -448 32 0 0 false 5 0
L -384 48 -448 48 0 0 false 5 0
L -384 64 -448 64 0 0 false 5 0
L -384 96 -448 96 0 0 false 5 0
L -384 112 -448 112 0 0 false 5 0
L -384 128 -448 128 0 0 false 5 0
153 -384 176 -304 176 0 3 5 5
L -384 192 -448 192 0 0 false 5 0
L -384 176 -448 176 0 0 false 5 0
L -384 160 -448 160 0 0 false 5 0
L -384 224 -448 224 0 0 false 5 0
L -384 240 -448 240 0 0 false 5 0
153 -384 240 -304 240 0 3 5 5
x -479 34 -458 37 4 12 A16
x -478 52 -457 55 4 12 A15
x -478 66 -457 69 4 12 A14
x -477 97 -456 100 4 12 A13
x -477 113 -456 116 4 12 A12
x -477 129 -457 132 4 12 A11
x -477 161 -456 164 4 12 A10
x -470 177 -456 180 4 12 A9
x -470 193 -456 196 4 12 A8
x -471 226 -457 229 4 12 A7
x -472 241 -458 244 4 12 A6
x -351 54 -328 57 6 12 PN4
x -351 118 -328 121 6 12 PN5
x -352 181 -329 184 6 12 PN6
x -352 245 -329 248 6 12 PN7
151 -192 80 -112 80 0 4 0 5
w -304 48 -192 48 0
w -304 112 -288 112 0
w -288 112 -288 64 0
w -288 64 -192 64 0
w -304 176 -272 176 0
w -272 176 -272 96 0
w -272 96 -192 96 0
w -304 240 -256 240 0
w -256 240 -256 112 0
w -256 112 -192 112 0
w -112 -128 -96 -128 0
w -96 -128 -96 -48 0
w -112 80 -96 80 0
w -96 80 -96 -16 0
w -96 -32 -96 -16 0
153 -96 -32 -16 -32 0 3 5 5
I -16 -32 32 -32 0 0.5 5
w -384 240 -384 256 0
